SHAPE,sigma,r,adiabatic_time,resamples,overlap,success_prob,dt
2222222222222222,1.0,0,1.0,1,0.07576652592452317,1.0000000000000049,0.1
2222222222222222,1.0,0,2.0,1,0.1143434827862376,0.9999999999999962,0.1
2222222222222222,1.0,0,3.0,1,0.1892984590226737,0.9999999999999996,0.1
2222222222222222,1.0,0,0.0,1,0.06461811253783592,0.9999999999999999,0.1
2222222222222222,1.0,0,4.0,1,0.29811550344214693,1.0000000000000049,0.1
2222222222222222,1.0,1,1.0,1,0.11219021614286671,0.6244530076412969,0.1
2222222222222222,1.0,0,5.0,1,0.4172776822185919,0.9999999999999999,0.1
2222222222222222,2.0,0,1.0,1,0.07576652592452317,1.0000000000000049,0.1
2222222222222222,2.0,0,2.0,1,0.1143434827862376,0.9999999999999962,0.1
2222222222222222,1.0,1,2.0,1,0.23373285693672077,0.4871030573788689,0.1
2222222222222222,2.0,0,4.0,1,0.29811550344214693,1.0000000000000049,0.1
2222222222222222,2.0,0,3.0,1,0.1892984590226737,0.9999999999999996,0.1
2222222222222222,1.0,1,3.0,1,0.245324528441297,0.7713054680217692,0.1
2222222222222222,2.0,0,0.0,1,0.06461811253783592,0.9999999999999999,0.1
2222222222222222,1.0,2,1.0,1,0.23706348992018192,0.28111869824387237,0.1
2222222222222222,1.0,1,4.0,1,0.4435712380724689,0.5874959942197157,0.1
2222222222222222,2.0,1,1.0,1,0.13739940680911883,0.5075241017150628,0.1
2222222222222222,2.0,1,2.0,1,0.22317687253672186,0.4085207908596192,0.1
2222222222222222,1.0,1,5.0,1,0.48319556384392326,0.750458321115177,0.1
2222222222222222,1.0,0,10.0,1,0.70435641768857,0.9999999999999981,0.1
2222222222222222,1.0,2,2.0,1,0.1884602770054711,0.5350430313975575,0.1
2222222222222222,1.0,1,0.0,1,0.08518267398785882,0.5881938670402247,0.1
2222222222222222,2.0,1,3.0,1,0.26843189869633666,0.6881989738162879,0.1
2222222222222222,2.0,1,4.0,1,0.5145903975131593,0.4949800666148426,0.1
2222222222222222,1.0,2,3.0,1,0.33511078497298186,0.5194456186411814,0.1
2222222222222222,1.0,3,1.0,1,0.35123889768897726,0.19541461940038785,0.1
2222222222222222,1.0,2,4.0,1,0.36726109915628113,0.8046692862881626,0.1
2222222222222222,2.0,2,1.0,1,0.28315509883695766,0.24919555809452626,0.1
2222222222222222,1.0,3,2.0,1,0.3516143257184544,0.2889919911853986,0.1
2222222222222222,2.0,2,2.0,1,0.39085378931509857,0.2630263740422364,0.1
2222222222222222,2.0,1,0.0,1,0.12846729964913758,0.5026338896357123,0.1
2222222222222222,2.0,2,3.0,1,0.45586192712216794,0.40522389483277377,0.1
2222222222222222,1.0,1,10.0,1,0.7223577152036872,0.9585249506692558,0.1
2222222222222222,1.0,2,5.0,1,0.6052879612650842,0.6825398289921732,0.1
2222222222222222,1.0,3,3.0,1,0.523769259319229,0.338502559985831,0.1
2222222222222222,2.0,2,4.0,1,0.5661893498989253,0.4596785621093241,0.1
2222222222222222,1.0,4,1.0,1,0.3782999233874111,0.18545538560237895,0.1
2222222222222222,1.0,3,4.0,1,0.36116136759992873,0.7411479346434889,0.1
2222222222222222,1.0,2,0.0,1,0.23500896792370352,0.2534465952954556,0.1
2222222222222222,2.0,3,1.0,1,0.382581999893944,0.1826094353220441,0.1
2222222222222222,2.0,3,2.0,1,0.29240206521796686,0.3622424071973138,0.1
2222222222222222,1.0,4,2.0,1,0.2623926132415876,0.4040599451981786,0.1
2222222222222222,2.0,3,3.0,1,0.44245330572471625,0.3857193259208812,0.1
2222222222222222,1.0,5,1.0,1,0.29808886229958137,0.2339255110370967,0.1
2222222222222222,1.0,4,3.0,1,0.2351021541974212,0.7405285439339794,0.1
2222222222222222,2.0,3,4.0,1,0.6020061391261851,0.4486728713655978,0.1
2222222222222222,2.0,2,0.0,1,0.15693441728655227,0.3802531415767811,0.1
2222222222222222,1.0,3,5.0,1,0.44080762584837263,0.8608692234174132,0.1
2222222222222222,1.0,2,10.0,1,0.7425280452897018,0.863224639984833,0.1
2222222222222222,2.0,4,1.0,1,0.45993632765084785,0.145944211085637,0.1
2222222222222222,1.0,4,4.0,1,0.40509355565638405,0.6808676399081142,0.1
2222222222222222,2.0,4,2.0,1,0.5102022955219833,0.20700189174960196,0.1
2222222222222222,1.0,5,2.0,1,0.22599473060331093,0.45265394976980017,0.1
2222222222222222,1.0,3,0.0,1,0.11198386874933698,0.5347337605417205,0.1
2222222222222222,1.0,0,9.0,1,0.6826586083404257,0.9999999999999964,0.1
2222222222222222,1.0,0,6.0,1,0.5198353346487089,1.0000000000000027,0.1
2222222222222222,1.0,6,1.0,1,0.26076920275363696,0.261271873511489,0.1
2222222222222222,2.0,4,3.0,1,0.6190521916186363,0.28232662138426645,0.1
2222222222222222,1.0,0,7.0,1,0.5957134657347533,0.9999999999999956,0.1
2222222222222222,2.0,0,6.0,1,0.5198353346487089,1.0000000000000027,0.1
2222222222222222,1.0,5,3.0,1,0.41081745392024527,0.4298191570980021,0.1
2222222222222222,2.0,4,4.0,1,0.7600592033004904,0.356552793139155,0.1
2222222222222222,1.0,0,8.0,1,0.648151857208357,0.9999999999999991,0.1
2222222222222222,2.0,5,2.0,1,0.5697189646614621,0.18324015864907756,0.1
2222222222222222,1.0,6,2.0,1,0.309202803410049,0.3389478905112026,0.1
2222222222222222,2.0,5,1.0,1,0.6428379366117679,0.10663745770203521,0.1
2222222222222222,2.0,3,0.0,1,0.2582487531435,0.22572923855393268,0.1
2222222222222222,1.0,5,4.0,1,0.45731496225978086,0.5972247200518104,0.1
2222222222222222,1.0,3,10.0,1,0.7341767463261608,0.8657750574458057,0.1
2222222222222222,1.0,4,5.0,1,0.4376195339941349,0.8772364739581541,0.1
2222222222222222,1.0,4,0.0,1,0.1955320572565816,0.30843343091427006,0.1
2222222222222222,1.0,1,9.0,1,0.7743057237670345,0.7195487702204773,0.1
2222222222222222,1.0,1,6.0,1,0.5617782539187864,0.8852400992655374,0.1
2222222222222222,2.0,5,3.0,1,0.532329371022543,0.3298484732988074,0.1
2222222222222222,2.0,1,6.0,1,0.6907535241783717,0.7233891583362979,0.1
2222222222222222,1.0,1,7.0,1,0.5979521454466805,0.9709836129940769,0.1
2222222222222222,1.0,6,3.0,1,0.5483460526133657,0.31025130858951466,0.1
2222222222222222,2.0,5,4.0,1,0.6546818427907151,0.41681244856307353,0.1
2222222222222222,1.0,1,8.0,1,0.743998317717155,0.718415178185938,0.1
2222222222222222,2.0,6,2.0,1,0.5655243677764775,0.18595654106070236,0.1
2222222222222222,2.0,6,1.0,1,0.5300806413361637,0.13119157604454854,0.1
2222222222222222,1.0,7,1.0,1,0.27480692881110547,0.25372047942583803,0.1
2222222222222222,1.0,4,10.0,1,0.7298442568355659,0.8692399508212729,0.1
2222222222222222,1.0,6,4.0,1,0.5736177002703997,0.4701325207509395,0.1
2222222222222222,1.0,5,5.0,1,0.5111501718132415,0.7476521388687667,0.1
2222222222222222,1.0,7,2.0,1,0.3547265837198632,0.2969959421981064,0.1
2222222222222222,2.0,4,0.0,1,0.27920848662886605,0.21292591682527398,0.1
2222222222222222,1.0,2,6.0,1,0.5536117302963391,0.8908006743520283,0.1
2222222222222222,2.0,6,3.0,1,0.3570980133559856,0.48737948619891797,0.1
2222222222222222,1.0,2,7.0,1,0.6856632095356272,0.8306871283050202,0.1
2222222222222222,1.0,2,8.0,1,0.6649229506532564,0.9200301887687505,0.1
2222222222222222,1.0,2,9.0,1,0.6942365804690988,0.9147552208185381,0.1
2222222222222222,2.0,2,6.0,1,0.5721266674389627,0.8324961003123141,0.1
2222222222222222,2.0,6,4.0,1,0.496735834531359,0.549870467705879,0.1
2222222222222222,1.0,5,0.0,1,0.30147833370505983,0.1985568923858989,0.1
2222222222222222,2.0,7,2.0,1,0.5248998506822861,0.20071045903223736,0.1
2222222222222222,1.0,3,6.0,1,0.6328709577436606,0.7201912456608921,0.1
2222222222222222,1.0,5,10.0,1,0.7353594155247086,0.8758561202423908,0.1
2222222222222222,2.0,3,6.0,1,0.6599653241095003,0.7301978578153822,0.1
2222222222222222,1.0,7,3.0,1,0.39928977661100773,0.43395518367399105,0.1
2222222222222222,2.0,7,1.0,1,0.5911769701095535,0.11778320142705545,0.1
2222222222222222,1.0,3,7.0,1,0.6534843159272844,0.8092357988387214,0.1
2222222222222222,1.0,3,8.0,1,0.666601169353626,0.872291542192853,0.1
2222222222222222,1.0,6,5.0,1,0.572367854416786,0.6689818349968226,0.1
2222222222222222,2.0,5,0.0,1,0.4608501158342432,0.12963156995181266,0.1
2222222222222222,1.0,3,9.0,1,0.7105612500868255,0.8780865903825218,0.1
2222222222222222,1.0,7,4.0,1,0.5273632898814878,0.5196031377424716,0.1
2222222222222222,1.0,6,0.0,1,0.35615106728982765,0.16679640908574933,0.1
2222222222222222,1.0,4,6.0,1,0.6329578619945033,0.7490089321460831,0.1
2222222222222222,2.0,7,3.0,1,0.8289678846717633,0.21405999402223902,0.1
2222222222222222,1.0,4,7.0,1,0.6697719977713912,0.8757497927832352,0.1
2222222222222222,1.0,4,8.0,1,0.7156633786802903,0.8224481202386306,0.1
2222222222222222,2.0,4,6.0,1,0.6889708105698935,0.6899183169499081,0.1
2222222222222222,1.0,4,9.0,1,0.679998434056571,0.8382623330512001,0.1
2222222222222222,2.0,7,4.0,1,0.7396463016692506,0.3698184202934544,0.1
2222222222222222,1.0,6,10.0,1,0.756210737032413,0.8613366625486354,0.1
2222222222222222,1.0,5,6.0,1,0.57399212567872,0.8314534298345466,0.1
2222222222222222,1.0,5,7.0,1,0.6599735469515271,0.7969199503688148,0.1
2222222222222222,2.0,6,0.0,1,0.6817759489335106,0.0822840591067035,0.1
2222222222222222,1.0,5,8.0,1,0.692464861044155,0.8355315127951428,0.1
2222222222222222,2.0,5,6.0,1,0.631603809426605,0.7456728777308849,0.1
2222222222222222,1.0,7,5.0,1,0.5825059447650028,0.6577182334879695,0.1
2222222222222222,1.0,5,9.0,1,0.7382567010692805,0.8597982072516129,0.1
2222222222222222,1.0,6,6.0,1,0.609444467255337,0.7703638684320346,0.1
2222222222222222,1.0,6,7.0,1,0.7030715921897237,0.7786643737478448,0.1
2222222222222222,1.0,7,0.0,1,0.3872346449089544,0.1535173516578227,0.1
2222222222222222,1.0,6,8.0,1,0.7112192447136242,0.8351027260945773,0.1
2222222222222222,2.0,6,6.0,1,0.7590341190630812,0.6293265809957457,0.1
2222222222222222,1.0,6,9.0,1,0.7484140004204597,0.842329571276902,0.1
2222222222222222,1.0,7,10.0,1,0.8007141377475019,0.8130421330130558,0.1
2222222222222222,2.0,7,0.0,1,0.5867513710359584,0.10126715142761346,0.1
2222222222222222,1.0,7,6.0,1,0.6222074557078265,0.7692991816239135,0.1
2222222222222222,1.0,7,7.0,1,0.7341200328434088,0.7454940762983596,0.1
2222222222222222,1.0,7,8.0,1,0.7200320511330994,0.8277923791273258,0.1
2222222222222222,2.0,7,6.0,1,0.8029274813556128,0.594794974041594,0.1
2222222222222222,1.0,7,9.0,1,0.6939441869386566,0.9144418908786526,0.1
