SHAPE,sigma,r,adiabatic_time,resamples,overlap,success_prob,dt
22,1,0,0,10,0.8972136,1,0.1
22,1,0,1,10,0.90566997,1,0.1
22,1,0,2,10,0.92805878,1,0.1
22,1,0,3,10,0.95605652,1,0.1
22,1,0,4,10,0.98035893,1,0.1
22,1,0,5,10,0.99500695,1,0.1
22,1,0,6,10,0.99963799,1,0.1
22,1,0,7,10,0.99826521,1,0.1
22,1,0,8,10,0.99587325,1,0.1
22,1,0,9,10,0.99543039,1,0.1
22,1,0,10,10,0.99702235,1,0.1
22,1,0,11,10,0.99901488,1,0.1
22,1,0,12,10,0.99991836,1,0.1
22,5,1,0,10,0.9389132640196938,0.9560012832553746,0.1
22,5,1,1,10,0.9474746759203534,0.9558455661842592,0.1
22,5,1,2,10,0.9716881012667327,0.9549655687117206,0.1
22,5,1,3,10,0.9687769956892455,0.9857561986241005,0.1
22,5,1,4,10,0.9898317834154723,0.9896076279171924,0.1
22,5,1,5,10,0.9981187095051238,0.9959153730051116,0.1
22,5,1,6,10,0.9998471371361092,0.9989048791480641,0.1
22,5,1,7,10,0.9991080147117657,0.9984989518656522,0.1
22,5,1,8,10,0.9979025468651042,0.9970707945767345,0.1
22,5,2,0,10,0.9783763232166323,0.916773321588715,0.1
22,5,2,1,10,0.9734887828953378,0.9293884098300196,0.1
22,5,2,2,10,0.9883132459584849,0.9378799370106345,0.1
22,5,2,3,10,0.9826992326165638,0.972082388244142,0.1
22,5,2,4,10,0.9969559972171826,0.9823087064273814,0.1
22,5,2,5,10,0.9991118179332313,0.9945784090324605,0.1
22,5,2,5,10,0.9987092264269762,0.9952153516310913,0.1
22,5,3,0,10,0.9807063114659398,0.9145138414892625,0.1
22,5,4,0,10,0.9964348567751146,0.8993935256782248,0.1
22,5,5,0,10,0.9994149603860131,0.8968250243750999,0.1
22,5,6,0,10,0.995166050864058,0.900717807231056,0.1
22,5,6,0,10,0.9998131901504135,0.896442190444002,0.1
22,5,5,0,10,0.9907606999130238,0.9047080530612193,0.1
22,5,5,0,100,0.9967915560694846,0.8991702706364155,0.1
22,5,4,0,100,0.9930832679547011,0.9026826192523383,0.1
22,5,3,0,100,0.9871539733041688,0.9082693981324834,0.1
22,5,2,0,100,0.9731573251959332,0.9216927472428051,0.1
22,5,1,0,100,0.9475348707036324,0.9472696966779748,0.1
22,5,0,0,100,0.8972135954999579,0.9999999999999999,0.1
22,5,6,0,100,0.999185631334991,0.897007496421368,0.1
22,20,0,0,50,0.8972135954999578,0.9999999999999999,0.1
22,20,1,0,50,0.949731401943087,0.9449663382321597,0.1
22,20,2,0,50,0.9749702454290344,0.9199808201926848,0.1
22,20,3,0,50,0.9906629806194103,0.9048660126430804,0.1
22,20,4,0,50,0.995061357955622,0.900787510076171,0.1
22,20,5,0,50,0.9942420644349547,0.9015893030506503,0.1
22,20,6,0,50,0.9976807916055074,0.8983824611868556,0.1
22,5,6,1,50,0.9984279253975423,0.9061585826761452,0.1
22,20,7,0,50,0.9982723057595396,0.8978486438784148,0.1
22,5,1,1,1,0.9839877101065372,0.920402265419707,0.1
22,20,7,0,50,0.9982723057595396,0.8978486438784148,0.1
22,20,1,1,50,0.9519618257247174,0.9515386563304135,0.1
22,20,2,1,50,0.9787536341680954,0.9249060072137,0.1
22,20,3,1,50,0.9900620978714909,0.9139785417965938,0.1
22,20,4,1,50,0.9897294633231836,0.9143554308740229,0.1
22,20,5,1,50,0.9971004421449169,0.907324500226282,0.1
22,20,6,1,50,0.998255366898763,0.9062978965867063,0.1
22,20,1,2,50,0.9620452994610544,0.9643327358714059,0.1
22,20,2,2,50,0.9837479635267441,0.942755901838743,0.1
22,20,3,2,50,0.9933195898174824,0.9333494428191269,0.1
22,1,1,8,100,0.9968374907134926,0.9980270492881258,0.1
22,1,1,9,100,0.9964978859448942,0.9979919739297622,0.1
22,1,1,10,100,0.997685349701299,0.9982750111715933,0.1
22,1,1,0,100,0.9217486294764703,0.9729779768796664,0.1
22,1,2,0,100,0.9375487917316693,0.9567065472397406,0.1
22,1,3,0,100,0.9533872813873384,0.9408947326318731,0.1
22,10,1,0,100,0.9497324644420432,0.9449786681809534,0.1
22,10,2,0,100,0.9752472201177821,0.9196896674336387,0.1
22,10,3,0,100,0.9866020408452572,0.9087702662399255,0.1
22,10,4,0,100,0.993290486170763,0.9024849730272372,0.1
22,10,5,0,100,0.9955727474090625,0.9003926173140766,0.1
22,10,1,2,100,0.9657218284883672,0.9606171762753104,0.1
22,1,1,2,100,0.9440747346918238,0.9823167781119517,0.1
22,10,2,2,100,0.9822930924675382,0.9440708719666548,0.1
22,1,2,2,100,0.9557954450491998,0.9701237802228277,0.1
22,10,3,2,100,0.990727246098701,0.9358725185220333,0.1
22,1,3,2,100,0.9647193999662248,0.9613497861939649,0.1
22,10,4,2,100,0.9962850199345559,0.9305159570108057,0.1
22,1,4,2,100,0.9725358502376983,0.9535541685623438,0.1
22,10,5,2,100,0.9974416306133005,0.9294896675153536,0.1
22,1,5,2,100,0.9823352066374343,0.9439995590709706,0.1
22,10,6,2,100,0.9987217374164896,0.9282875895300773,0.1
22,1,6,2,100,0.9832200613758804,0.9430851588545628,0.1
22,10,1,1,100,0.9567397736345654,0.9464085966200034,0.1
22,1,1,1,100,0.9302717126226039,0.9731459678354198,0.1
22,10,2,1,100,0.9727506918851462,0.9309531340301568,0.1
22,1,2,1,100,0.9437097323684455,0.9593258502010954,0.1
22,10,3,1,100,0.9860212065969909,0.9178922058714784,0.1
22,1,3,1,100,0.9597823246069942,0.9431610841064564,0.1
22,10,4,1,100,0.9945255663609931,0.9096923460521089,0.1
22,1,4,1,100,0.9672951541104626,0.935767682045025,0.1
22,10,5,1,100,0.9960089692157551,0.9084184656586456,0.1
22,1,5,1,100,0.9763500322706804,0.92702374685177,0.1
22,1,1,0,25,0.9328978184838325,0.9613181770814978,0.1
22,1,1,0.5,25,0.9164894082034256,0.9810116785910167,0.1
22,1,1,1,25,0.9279908829759324,0.9754994763881638,0.1
22,1,1,1.5,25,0.9299055083287868,0.9837120428496456,0.1
22,1,1,2,25,0.9406773491099043,0.9858372969303579,0.1
22,1,1,2.5,25,0.9506512364012306,0.9896196220904101,0.1
22,1,1,3,25,0.9691359120887776,0.9860231673239889,0.1
22,1,1,3.5,25,0.9793342051326608,0.9887251343074783,0.1
22,1,1,4,25,0.9869214757896202,0.992406948983863,0.1
22,1,1,5,25,0.9959737615109053,0.9978010077645766,0.1
22,1,1,6,25,0.9997386071253952,0.9987142827175522,0.1
22,1,1,7,25,0.9986780768401393,0.9983912529694192,0.1
22,1,1,8,25,0.9969248673505463,0.9981288482133792,0.1
22,1,1,9,25,0.9964110773156837,0.9980299865100363,0.1
22,1,1,10,25,0.997878072932629,0.9982172896098405,0.1
22,1,2,0,25,0.9438067733364552,0.9499795641155662,0.1
22,1,2,0.5,25,0.942090835420225,0.954433798630999,0.1
22,1,2,1,25,0.9379268176617148,0.9649423888302634,0.1
22,1,2,1.5,25,0.949055715941461,0.9643176497504794,0.1
22,1,2,2,25,0.9568798870435378,0.9692516383412034,0.1
22,1,2,2.5,25,0.9599361921199454,0.9803046751951321,0.1
22,1,2,3,25,0.9715847058605808,0.9829569634824944,0.1
22,1,2,3.5,25,0.9783315524899182,0.9894719053051945,0.1
22,1,2,4,25,0.9888240748604149,0.9904834871409023,0.1
22,1,2,5,25,0.9966577743118663,0.9972514666783505,0.1
22,1,2,6,25,0.9998054380372733,0.9985036848927095,0.1
22,1,2,7,25,0.9988974989002444,0.9982829186988208,0.1
22,1,2,8,25,0.9974272371294312,0.9972272792249272,0.1
22,1,2,9,25,0.9971370499939416,0.9970685120733457,0.1
22,1,2,10,25,0.9982883215371784,0.9975909599378722,0.1
22,1,3,0,25,0.9546830381972972,0.9394814312111734,0.1
22,1,3,0.5,25,0.9505742776876432,0.9458126661275001,0.1
22,1,3,1,25,0.9598501357688224,0.9427558322115448,0.1
22,1,3,2,25,0.9649937499658995,0.9610286521596156,0.1
22,1,3,2.5,25,0.9784737376860985,0.9617660827717411,0.1
22,1,3,3,25,0.9805966654724806,0.9741309152628848,0.1
22,1,3,3.5,25,0.9891094606895913,0.9787920142486443,0.1
22,1,3,4,25,0.9910082500441872,0.9881566860178754,0.1
22,1,3,5,25,0.9979271938191296,0.9959390043811389,0.1
22,1,3,6,25,0.9998543842490548,0.9985816814474007,0.1
22,1,3,7,25,0.9991465602393524,0.9979696553315548,0.1
22,1,3,8,25,0.9980951644345462,0.9966122274053812,0.1
22,1,3,9,25,0.997794155968576,0.9964377470771908,0.1
22,1,3,10,25,0.9985671138770223,0.9973077415983184,0.1
22,1,4,0,25,0.9667779111241113,0.9277616167833405,0.1
22,1,4,0.5,25,0.963959374341286,0.9326970657319832,0.1
22,1,4,1,25,0.9633733589615793,0.9395913210239125,0.1
22,1,4,1.5,25,0.9664298441277651,0.946799145207548,0.1
22,1,4,2,25,0.9787456102595467,0.9474594340107302,0.1
22,1,4,2.5,25,0.9791893645264529,0.9611559398630064,0.1
22,1,4,3,25,0.9884203297994283,0.9662334662209618,0.1
22,1,4,3.5,25,0.9904057328833799,0.9774828068169626,0.1
22,1,4,4,25,0.9924976834420117,0.9866981219108805,0.1
22,1,4,5,25,0.998607559722467,0.9952477889604266,0.1
22,1,4,6,25,0.9998637873857797,0.9986332796259285,0.1
22,1,4,7,25,0.9994342838396881,0.997730726016924,0.1
22,1,4,8,25,0.9981619783759865,0.9966261397875186,0.1
22,1,4,9,25,0.9983043097479213,0.9960531492063609,0.1
22,1,4,10,25,0.998926378166872,0.9969839772306593,0.1
22,1,5,0,25,0.9791913722016747,0.9156692871893399,0.1
22,1,5,0.5,25,0.9680365208598798,0.9284666768799141,0.1
22,1,5,1,25,0.9804433746887593,0.9229949253709865,0.1
22,1,5,1.5,25,0.9772398564220423,0.9361841079463153,0.1
22,1,5,2,25,0.9830109932453419,0.9433210028346699,0.1
22,1,5,2.5,25,0.9821718757328135,0.9581665056591482,0.1
22,1,5,3,25,0.986978260746706,0.9677633373350152,0.1
22,1,5,3.5,25,0.9898439316923018,0.9781434861614419,0.1
22,1,1,0,25,0.9250481834961801,0.969786521530584,0.1
22,1,2,0,25,0.9340229961339026,0.9603350060080561,0.1
22,1,3,0,25,0.9573544258979709,0.9366353054155714,0.1
22,1,4,0,25,0.9651611157793117,0.9290454355554958,0.1
22,1,5,0,25,0.9715681047573178,0.9229980129735242,0.1
22,1,6,0,25,0.975083176767796,0.9196341795016767,0.1
22,1,1,0.5,25,0.9189218117704198,0.9781999457931778,0.1
22,1,2,0.5,25,0.9387406622219335,0.9575033843681791,0.1
22,1,3,0.5,25,0.9558673263367133,0.9403059805689304,0.1
22,1,4,0.5,25,0.9580399144001552,0.9387517708079596,0.1
22,1,1,1,25,0.9222683282703312,0.9814086922814316,0.1
22,1,2,1,25,0.9401168141675866,0.9630876514450917,0.1
22,1,3,1,25,0.9528073925650654,0.9501567425251449,0.1
22,1,5,0.5,25,0.9726488809726326,0.9240370001501876,0.1
22,1,4,1,25,0.9670102479930018,0.936048339185054,0.1
22,1,1,1.5,25,0.9376830063129257,0.9761484056229028,0.1
22,1,2,1.5,25,0.9445055570840286,0.9687992305606398,0.1
22,1,3,1.5,25,0.9649858471243343,0.9480527052411801,0.1
22,1,5,1,25,0.9702183332260594,0.93293841677737,0.1
22,1,4,1.5,25,0.9723707520410655,0.9410279829356452,0.1
22,3,1,0,25,0.9405098127311741,0.9541095100502469,0.1
22,3,2,0,25,0.963621558892172,0.9309036620084501,0.1
22,1,5,1.5,25,0.9750027686901773,0.9382709274126356,0.1
22,3,3,0,25,0.9829289226049471,0.9124439480676115,0.1
22,1,6,0.5,25,0.9797324284365694,0.9171116797748,0.1
22,1,7,0,25,0.9815835496368465,0.9133864532689674,0.1
22,1,1,0.5,25,0.9247752084481745,0.9722073362377174,0.1
22,1,6,1,25,0.9806310596167878,0.9228403722772472,0.1
22,3,4,0,25,0.9980992365281999,0.8979278138926727,0.1
22,1,6,1.5,25,0.9818936962371632,0.931839064820339,0.1
22,3,0,0.5,25,0.8993152467761466,0.9999999999999998,0.1
22,3,5,0,25,0.9962963263528404,0.8997137895978086,0.1
22,3,1,0.5,25,0.9462241684884213,0.9506242656222683,0.1
22,3,2,0.5,25,0.9760715909332135,0.9208222778778979,0.1
22,3,3,0.5,25,0.981621138426337,0.9157681545786011,0.1
22,3,4,0.5,25,0.9933434976834518,0.9044571615033435,0.1
22,3,6,0,25,0.9981798249698028,0.897916796187928,0.1
22,3,5,0.5,25,0.9971372593472058,0.9009486476216978,0.1
22,3,0,1,25,0.9056699689399708,0.9999999999999999,0.1
22,3,1,1,25,0.9518079921695584,0.9515989714741732,0.1
22,1,7,0.5,25,0.9855434424494268,0.911768978481862,0.1
22,3,2,1,25,0.9756624664870382,0.9277462540423039,0.1
22,1,7,1,25,0.9895652752072597,0.91441290169938,0.1
22,3,3,1,25,0.9904439313545941,0.9136099839116767,0.1
22,3,6,0.5,25,0.9980547571130309,0.9001311885460046,0.1
22,1,7,1.5,25,0.9829098669097636,0.9307901923492663,0.1
22,3,4,1,25,0.9955185489319383,0.9088357401512436,0.1
22,3,0,1.5,25,0.9155688847694092,0.9999999999999999,0.1
22,3,1,1.5,25,0.9562486950898206,0.957196113799068,0.1
22,3,5,1,25,0.9982464919188879,0.9063570386453197,0.1
22,3,2,1.5,25,0.9798847997246651,0.9337433318768877,0.1
22,3,0,2,25,0.9280587839369588,1.0000000000000002,0.1
22,3,1,2,25,0.9621058954089337,0.9640901608618124,0.1
22,3,0,2.5,25,0.9419689285872146,1.0000000000000007,0.1
22,3,3,1.5,25,0.9865876974651933,0.9271839484533674,0.1
22,3,2,2,25,0.9737987137451893,0.9523664625310313,0.1
22,3,0,3,25,0.956056515618212,1.000000000000001,0.1
22,3,1,2.5,25,0.9708107978261948,0.9696571299977806,0.1
22,3,1,3,25,0.9789870375039615,0.9757667336239695,0.1
22,3,3,2,25,0.9891910515799412,0.937289586385641,0.1
22,3,4,1.5,25,0.9958379660056117,0.9184304617602337,0.1
22,3,2,3,25,0.9896169636059463,0.9651110065044644,0.1
22,3,2,2.5,25,0.9770654578910893,0.9634882265579551,0.1
22,3,3,3,25,0.9963565609434178,0.9585425493908022,0.1
22,3,4,2,25,0.9970521604205455,0.9298336229814805,0.1
22,3,6,1,25,0.9982611056584351,0.9063077610704166,0.1
22,3,5,1.5,25,0.9989051569195821,0.9155390728028383,0.1
22,3,4,3,25,0.9980705588405306,0.9569055424117305,0.1
22,3,3,2.5,25,0.9929728899186716,0.9476597860102111,0.1
22,3,5,2,25,0.9981695955145464,0.9287674317690114,0.1
22,3,5,3,25,0.9986629565587438,0.9562497122423494,0.1
22,5,0,0,25,0.897213595499958,0.9999999999999997,0.1
22,5,1,0,25,0.9512689075067958,0.9432841381181573,0.1
22,3,4,2.5,25,0.995268986529195,0.9454485164714942,0.1
22,5,0,0.5,25,0.8993152467761466,0.9999999999999998,0.1
22,3,6,1.5,25,0.9985628798262903,0.9159074342327912,0.1
22,5,0,1,25,0.9056699689399708,0.9999999999999999,0.1
22,5,2,0,25,0.9674449110598827,0.9272811492454435,0.1
22,5,1,1,25,0.9491799527530027,0.9546285560606113,0.1
22,5,0,1.5,25,0.9155688847694092,0.9999999999999999,0.1
22,5,1,0.5,25,0.9510988957960888,0.9460304303450444,0.1
22,3,7,0.5,25,0.9994712946862268,0.8988397915990498,0.1
22,5,2,1,25,0.9708559675599672,0.9326541652401318,0.1
22,5,3,0,25,0.9878277668681265,0.9075762916115468,0.1
22,5,1,1.5,25,0.9620558406209273,0.9519304380464396,0.1
22,5,2,0.5,25,0.9642100177098039,0.9324924029592737,0.1
22,5,3,1,25,0.986990175040707,0.9168094645498596,0.1
22,3,5,2.5,25,0.997332149423579,0.9435062430665808,0.1
22,5,4,0,25,0.9916455510125789,0.903989250630966,0.1
22,5,2,1.5,25,0.9735554829555723,0.9400617392899524,0.1
22,3,6,2,25,0.9993006490217874,0.9277515301840379,0.1
22,5,4,1,25,0.995272861871059,0.9091484562263196,0.1
22,5,3,0.5,25,0.9912091760610249,0.9063678334053406,0.1
22,5,3,1.5,25,0.9878376346185678,0.9261501867791926,0.1
22,3,6,3,25,0.9993171692158711,0.9556741038568926,0.1
22,5,5,0,25,0.9965243199726288,0.8994497425125065,0.1
22,5,4,1.5,25,0.9974694668518804,0.9169877762408287,0.1
22,5,5,1,25,0.9989231037982543,0.9056867842057588,0.1
22,5,0,2,25,0.9280587839369588,1.0000000000000002,0.1
22,5,0,2.5,25,0.9419689285872146,1.0000000000000007,0.1
22,5,1,2,25,0.9638544732247943,0.9627531000563658,0.1
22,5,4,0.5,25,0.9946287728286278,0.9032675930416713,0.1
22,3,7,1,25,0.9996356214908444,0.9050534277876231,0.1
22,5,1,2.5,25,0.9854179690135753,0.9550235461335688,0.1
22,5,0,3,25,0.956056515618212,1.000000000000001,0.1
22,5,0,3.5,25,0.969163315035652,1.0000000000000002,0.1
22,5,1,3,25,0.9784698911810523,0.9761044385754944,0.1
22,5,1,3.5,25,0.9852978333499153,0.9827549865048884,0.1
22,5,5,1.5,25,0.9971778199762867,0.9171971666707667,0.1
22,5,0,4,25,0.9803589250580325,1.0000000000000009,0.1
22,5,2,2,25,0.979382319971089,0.9468998944702076,0.1
22,3,7,1.5,25,0.9990684100979762,0.915474416328177,0.1
22,5,2,3.5,25,0.9926149927519755,0.975320877496764,0.1
22,5,0,5,25,0.9950069518301251,0.9999999999999993,0.1
22,5,2,2.5,25,0.9847298349033718,0.9558490049379381,0.1
22,5,1,4,25,0.9908967299721505,0.9883674275450584,0.1
22,5,6,0,25,0.9991725145827214,0.8970158817114787,0.1
22,5,0,6,25,0.9996379949942525,0.9999999999999994,0.1
22,5,1,5,25,0.9973315412030834,0.996424414410548,0.1
22,3,6,2.5,25,0.9993875921876181,0.9415306745379137,0.1
22,5,2,3,25,0.9872175475977296,0.9674632077049223,0.1
22,5,1,6,25,0.9998137635704742,0.9986812057902468,0.1
22,5,2,4,25,0.9928990297449505,0.9861781051052156,0.1
22,10,0,0,25,0.897213595499958,0.9999999999999997,0.1
22,5,2,5,25,0.9986947901481688,0.9951575583552295,0.1
22,5,3,3.5,25,0.9956147656312055,0.9723814587984742,0.1
22,5,6,1,25,0.9973493709140823,0.9071896404078648,0.1
22,10,0,0.5,25,0.8993152467761466,0.9999999999999998,0.1
22,10,1,0,25,0.953551406651939,0.9416112633319641,0.1
22,10,0,1,25,0.9056699689399708,0.9999999999999999,0.1
22,5,3,2,25,0.9927985593438555,0.9339066842143567,0.1
22,5,2,6,25,0.9999280072452176,0.9986312253609954,0.1
22,10,1,0.5,25,0.9546779768358338,0.9421182846653549,0.1
22,5,3,4,25,0.996911301765784,0.9822071259626821,0.1
22,5,3,2.5,25,0.99420642031886,0.9464342797817361,0.1
22,5,5,0.5,25,0.9978880468387042,0.900283243541239,0.1
22,10,0,1.5,25,0.9155688847694092,0.9999999999999999,0.1
22,10,0,2,25,0.9280587839369588,1.0000000000000002,0.1
22,10,1,1,25,0.9532398298642601,0.9501683709666914,0.1
22,5,3,5,25,0.99934113437685,0.9946289700312698,0.1
22,5,4,3.5,25,0.9979731706044941,0.9700866253843546,0.1
22,5,3,3,25,0.9954070761701823,0.9595008333651381,0.1
22,10,1,2,25,0.951344856463051,0.974984479532212,0.1
22,10,2,0.5,25,0.9848707408576682,0.9123624092436223,0.1
22,10,1,1.5,25,0.9641349161811894,0.9491184673860121,0.1
22,5,3,6,25,0.9999589369382851,0.9985212813467378,0.1
22,10,2,0,25,0.9751986688255199,0.9194595179455689,0.1
22,10,2,2,25,0.9895814880855396,0.9367734029910301,0.1
22,5,4,4,25,0.9994311250517192,0.9798422827511287,0.1
22,10,2,1,25,0.970481877897228,0.9328674235436875,0.1
22,5,6,1.5,25,0.9992455758874946,0.915351690295856,0.1
22,5,4,2.5,25,0.9953831162203541,0.9453718131977157,0.1
22,5,4,2,25,0.992194984579423,0.9344330635501933,0.1
22,5,4,3,25,0.996425536696217,0.9585313590420012,0.1
22,5,4,5,25,0.999765172980595,0.9941162586254119,0.1
22,10,3,2,25,0.9898460379891231,0.9367995070392214,0.1
22,5,4,6,25,0.9999665433927974,0.9985152160815639,0.1
22,10,2,1.5,25,0.9752470363136186,0.9381661712717939,0.1
22,10,3,0.5,25,0.9904353380961257,0.9072013115087886,0.1
22,5,5,3.5,25,0.9991608245167871,0.9688920736720986,0.1
22,10,3,1,25,0.9878271435315145,0.9159563961482455,0.1
22,5,5,3,25,0.9985728889087738,0.9563662701203359,0.1
22,5,5,4,25,0.9991033763510057,0.9802028017187295,0.1
22,10,3,0,25,0.9869227775200493,0.9084245070655582,0.1
22,5,6,0.5,25,0.9972139765439795,0.9009394985202822,0.1
22,5,5,2.5,25,0.9986458102622381,0.942264066269525,0.1
22,5,5,2,25,0.9977430096358926,0.929184570937299,0.1
22,1,8,0,25,0.9867026444560928,0.9087322588746947,0.1
22,5,5,5,25,0.9998511094987284,0.9940948098529623,0.1
22,10,4,1,25,0.9879813437152859,0.9160464623696336,0.1
22,10,3,1.5,25,0.9899906513797037,0.9239406916485452,0.1
22,10,4,0.5,25,0.9969345788683555,0.9010961517024988,0.1
22,3,7,3,25,0.9998216112862648,0.9552224736601894,0.1
22,5,5,6,25,0.9999943969405247,0.9984571295808664,0.1
22,5,6,4,25,0.9995851286189305,0.9797406576235699,0.1
22,10,4,2,25,0.9950243708474196,0.9318178517150065,0.1
22,5,6,2,25,0.9995826815554385,0.9274736334349336,0.1
22,5,6,3,25,0.9983358403635483,0.9566648236778642,0.1
22,10,4,0,25,0.9873098346879313,0.9080738114374863,0.1
22,5,7,1.5,25,0.9996780756008239,0.9149051924406496,0.1
22,5,6,5,25,0.9999478359876081,0.994027116594897,0.1
22,5,6,3.5,25,0.9994204246362994,0.9687297490597767,0.1
22,5,7,1,25,0.999008296573453,0.9056335773865507,0.1
22,10,5,1,25,0.9992869675827477,0.9053025738657715,0.1
22,10,4,1.5,25,0.993908955400657,0.9203550521270742,0.1
22,5,6,2.5,25,0.9991201537199729,0.941800396847313,0.1
22,10,5,0.5,25,0.9976943865804703,0.9004322955483367,0.1
22,3,7,2.5,25,0.9996136791661822,0.9413530879388742,0.1
22,5,6,6,25,0.9999923609694069,0.9985902682929384,0.1
22,10,5,2,25,0.9979156530844163,0.9289725772991702,0.1
22,5,7,0.5,25,0.9982267963934497,0.900018004706959,0.1
22,10,5,0,25,0.9971532160478388,0.8988498687662917,0.1
22,5,7,4,25,0.9997110152668528,0.9796185784286974,0.1
22,1,8,0.5,25,0.9917291707772263,0.9059317986115742,0.1
22,5,7,2,25,0.9998078945480088,0.9272740449580016,0.1
22,10,6,0.5,25,0.9983635760397149,0.8998416814827179,0.1
22,10,5,1.5,25,0.9982748098054974,0.9162376031073539,0.1
22,1,8,1.5,25,0.9886698832695805,0.9252018963434285,0.1
22,1,8,1,25,0.989131835816739,0.9148571632849617,0.1
22,3,8,0.5,25,0.9998667458006026,0.8985013657428976,0.1
22,10,6,1,25,0.9979813918529409,0.9065919509987421,0.1
22,5,7,5,25,0.9999770399044883,0.9939940736557304,0.1
22,5,7,3,25,0.9996119693236337,0.9553994467306144,0.1
22,10,6,2,25,0.9997326610218424,0.9273225131698705,0.1
22,10,6,1.5,25,0.9985940080984917,0.9159084395058871,0.1
22,10,6,0,25,0.9976069539558732,0.8984518476175446,0.1
22,3,8,1,25,0.9997576225628401,0.9049531705611759,0.1
